# Game Level Exporter v1.0
LIGHT
Light
<Matrix 4x4 (-0.2909, -0.0552,  0.9552, 0.0000)
            (-0.7711,  0.6045, -0.1999, 0.0000)
            (-0.5664, -0.7947, -0.2184, 0.0000)
            ( 4.0762,  5.9039,  1.0055, 1.0000)>
CAMERA
Camera
<Matrix 4x4 (-0.0000,  0.0000,  1.0000, 0.0000)
            (-1.0000,  0.0000, -0.0000, 0.0000)
            ( 0.0000, -1.0000,  0.0000, 0.0000)
            (-1.8740,  9.1382,  2.0468, 1.0000)>
MESH
Cube.002
<Matrix 4x4 (-0.0000,  0.0000,  2.5239, 0.0000)
            (-0.5000,  0.0000, -0.0000, 0.0000)
            ( 0.0000, -0.5000,  0.0000, 0.0000)
            (-0.2078,  0.0000,  2.0398, 1.0000)>
MESH
Plane.001
<Matrix 4x4 ( 1.3295,  0.0000, 0.0000, 0.0000)
            ( 0.0000,  0.0000, 2.1761, 0.0000)
            ( 0.0000, -1.0000, 0.0000, 0.0000)
            (-1.7433,  0.4923, 1.9805, 1.0000)>
MESH
Golf_ball
<Matrix 4x4 ( 0.0005,  0.0000, 0.0000, 0.0000)
            ( 0.0000,  0.0000, 0.0005, 0.0000)
            ( 0.0000, -0.0005, 0.0000, 0.0000)
            (-1.4910,  0.1670, 2.0349, 1.0000)>
MESH
Cube.001
<Matrix 4x4 ( 1.9726,  0.0000, 0.0000, 0.0000)
            ( 0.0000,  0.0000, 0.5000, 0.0000)
            ( 0.0000, -0.5000, 0.0000, 0.0000)
            (-1.6687,  0.0000, 4.0228, 1.0000)>
MESH
Paddle
<Matrix 4x4 (-0.0000, 0.0000,  0.0446, 0.0000)
            ( 0.0000, 0.0500,  0.0000, 0.0000)
            (-0.0523, 0.0000, -0.0000, 0.0000)
            (-1.2764, 0.1982,  2.0477, 1.0000)>
MESH
Cube.003
<Matrix 4x4 ( 1.9726,  0.0000, 0.0000, 0.0000)
            ( 0.0000,  0.0000, 0.5000, 0.0000)
            ( 0.0000, -0.5000, 0.0000, 0.0000)
            (-1.6687,  0.0000, 0.0228, 1.0000)>
MESH
Cube.004
<Matrix 4x4 (-0.0000,  0.0000,  2.5239, 0.0000)
            (-0.5000,  0.0000, -0.0000, 0.0000)
            ( 0.0000, -0.5000,  0.0000, 0.0000)
            (-3.2078,  0.0000,  2.0398, 1.0000)>
MESH
Plane.002
<Matrix 4x4 ( 1.3295,  0.0000, 0.0000, 0.0000)
            ( 0.0000,  0.0000, 2.1761, 0.0000)
            ( 0.0000, -1.0000, 0.0000, 0.0000)
            (-1.7433, -0.0057, 1.9805, 1.0000)>
MESH
Slime
<Matrix 4x4 (-0.0000,  0.0500,  0.0000, 0.0000)
            (-0.0500, -0.0000, -0.0000, 0.0000)
            (-0.0000, -0.0000,  0.0500, 0.0000)
            (-2.1238,  0.0000,  2.0216, 1.0000)>
MESH
Red Brick
<Matrix 4x4 (-0.0000, 0.0000,  0.4978, 0.0000)
            ( 0.0000, 7.8959,  0.0000, 0.0000)
            (-0.5180, 0.0000, -0.0000, 0.0000)
            (-2.0901, 0.0000,  2.0164, 1.0000)>
MESH
Red Brick.001
<Matrix 4x4 (-0.0000, 0.0000,  0.4978, 0.0000)
            ( 0.0000, 7.8959,  0.0000, 0.0000)
            (-0.5180, 0.0000, -0.0000, 0.0000)
            (-2.0876, 0.0000,  2.1422, 1.0000)>
MESH
Red Brick.002
<Matrix 4x4 (-0.0000, 0.0000,  0.4978, 0.0000)
            ( 0.0000, 7.8959,  0.0000, 0.0000)
            (-0.5180, 0.0000, -0.0000, 0.0000)
            (-2.0901, 0.0000,  1.8881, 1.0000)>
MESH
Grey Brick.002
<Matrix 4x4 (-0.0000, 0.0000,  0.4978, 0.0000)
            ( 0.0000, 7.8959,  0.0000, 0.0000)
            (-0.5180, 0.0000, -0.0000, 0.0000)
            (-2.0271, 0.0000,  1.9484, 1.0000)>
MESH
Grey Brick.003
<Matrix 4x4 (-0.0000, 0.0000,  0.4978, 0.0000)
            ( 0.0000, 7.8959,  0.0000, 0.0000)
            (-0.5180, 0.0000, -0.0000, 0.0000)
            (-2.0271, 0.0000,  2.0742, 1.0000)>
MESH
Grey Brick.004
<Matrix 4x4 (-0.0000, 0.0000,  0.4978, 0.0000)
            ( 0.0000, 7.8959,  0.0000, 0.0000)
            (-0.5180, 0.0000, -0.0000, 0.0000)
            (-2.0297, 0.0000,  2.1976, 1.0000)>
MESH
Grey Brick.005
<Matrix 4x4 (-0.0000, 0.0000,  0.4978, 0.0000)
            ( 0.0000, 7.8959,  0.0000, 0.0000)
            (-0.5180, 0.0000, -0.0000, 0.0000)
            (-2.0271, 0.0000,  1.8225, 1.0000)>
MESH
Grey Brick
<Matrix 4x4 (-0.0000, 0.0000,  0.4978, 0.0000)
            ( 0.0000, 7.8959,  0.0000, 0.0000)
            (-0.5180, 0.0000, -0.0000, 0.0000)
            (-2.1379, 0.0000,  1.8855, 1.0000)>
MESH
Grey Brick.001
<Matrix 4x4 (-0.0000, 0.0000,  0.4978, 0.0000)
            ( 0.0000, 7.8959,  0.0000, 0.0000)
            (-0.5180, 0.0000, -0.0000, 0.0000)
            (-2.2034, 0.0000,  1.8881, 1.0000)>
MESH
Grey Brick.006
<Matrix 4x4 (-0.0000, 0.0000,  0.4978, 0.0000)
            ( 0.0000, 7.8959,  0.0000, 0.0000)
            (-0.5180, 0.0000, -0.0000, 0.0000)
            (-2.2588, 0.0000,  1.8881, 1.0000)>
MESH
Grey Brick.007
<Matrix 4x4 (-0.0000, 0.0000,  0.6077, 0.0000)
            ( 0.0000, 7.8959,  0.0000, 0.0000)
            (-0.5180, 0.0000, -0.0000, 0.0000)
            (-2.2562, 0.0000,  2.0240, 1.0000)>
MESH
Grey Brick.008
<Matrix 4x4 (-0.0000, 0.0000,  0.4978, 0.0000)
            ( 0.0000, 7.8959,  0.0000, 0.0000)
            (-0.5180, 0.0000, -0.0000, 0.0000)
            (-2.2537, 0.0000,  2.1575, 1.0000)>
MESH
Grey Brick.009
<Matrix 4x4 (-0.0000, 0.0000,  0.4978, 0.0000)
            ( 0.0000, 7.8959,  0.0000, 0.0000)
            (-0.5180, 0.0000, -0.0000, 0.0000)
            (-2.1455, 0.0000,  2.1499, 1.0000)>
MESH
Grey Brick.010
<Matrix 4x4 (-0.0000, 0.0000,  0.4978, 0.0000)
            ( 0.0000, 7.8959,  0.0000, 0.0000)
            (-0.5180, 0.0000, -0.0000, 0.0000)
            (-2.2059, 0.0000,  2.1574, 1.0000)>
MESH
Grey Brick.011
<Matrix 4x4 (-0.0000, 0.0000,  0.4978, 0.0000)
            ( 0.0000, 7.8959,  0.0000, 0.0000)
            (-0.5180, 0.0000, -0.0000, 0.0000)
            (-2.0221, 0.0000,  1.6991, 1.0000)>
MESH
Grey Brick.012
<Matrix 4x4 (-0.0000, 0.0000,  0.4978, 0.0000)
            ( 0.0000, 7.8959,  0.0000, 0.0000)
            (-0.5180, 0.0000, -0.0000, 0.0000)
            (-2.0221, 0.0000,  1.5858, 1.0000)>
MESH
Grey Brick.014
<Matrix 4x4 (-0.0000, 0.0000,  0.4978, 0.0000)
            ( 0.0000, 7.8959,  0.0000, 0.0000)
            (-0.5180, 0.0000, -0.0000, 0.0000)
            (-2.0322, 0.0000,  2.3159, 1.0000)>
MESH
Grey Brick.015
<Matrix 4x4 (-0.0000, 0.0000,  0.4978, 0.0000)
            ( 0.0000, 7.8959,  0.0000, 0.0000)
            (-0.5180, 0.0000, -0.0000, 0.0000)
            (-2.0322, 0.0000,  2.4368, 1.0000)>
MESH
Red Brick.003
<Matrix 4x4 (-0.0000, 0.0000,  0.4978, 0.0000)
            ( 0.0000, 7.8959,  0.0000, 0.0000)
            (-0.5180, 0.0000, -0.0000, 0.0000)
            (-2.0901, 0.0000,  2.2630, 1.0000)>
MESH
Red Brick.004
<Matrix 4x4 (-0.0000, 0.0000,  0.4978, 0.0000)
            ( 0.0000, 7.8959,  0.0000, 0.0000)
            (-0.5180, 0.0000, -0.0000, 0.0000)
            (-2.0876, 0.0000,  1.7646, 1.0000)>
MESH
Red Brick.005
<Matrix 4x4 (-0.0000, 0.0000,  0.4978, 0.0000)
            ( 0.0000, 7.8959,  0.0000, 0.0000)
            (-0.5180, 0.0000, -0.0000, 0.0000)
            (-2.0850, 0.0000,  1.6462, 1.0000)>
MESH
Red Brick.006
<Matrix 4x4 (-0.0000, 0.0000,  0.4978, 0.0000)
            ( 0.0000, 7.8959,  0.0000, 0.0000)
            (-0.5180, 0.0000, -0.0000, 0.0000)
            (-2.0876, 0.0000,  2.3864, 1.0000)>
MESH
White Brick
<Matrix 4x4 (-0.0000, 0.0000,  0.4978, 0.0000)
            ( 0.0000, 7.8959,  0.0000, 0.0000)
            (-0.5180, 0.0000, -0.0000, 0.0000)
            (-2.4652, 0.0000,  2.9680, 1.0000)>
MESH
White Brick.001
<Matrix 4x4 (-0.0000, 0.0000,  0.4978, 0.0000)
            ( 0.0000, 7.8959,  0.0000, 0.0000)
            (-0.5180, 0.0000, -0.0000, 0.0000)
            (-2.3444, 0.0000,  1.1100, 1.0000)>
MESH
White Brick.002
<Matrix 4x4 (-0.0000, 0.0000,  0.4978, 0.0000)
            ( 0.0000, 7.8959,  0.0000, 0.0000)
            (-0.5180, 0.0000, -0.0000, 0.0000)
            (-2.5407, 0.0000,  0.8104, 1.0000)>
MESH
White Brick.003
<Matrix 4x4 (-0.0000, 0.0000,  0.4978, 0.0000)
            ( 0.0000, 7.8959,  0.0000, 0.0000)
            (-0.5180, 0.0000, -0.0000, 0.0000)
            (-2.3368, 0.0000,  2.5375, 1.0000)>
MESH
White Brick.004
<Matrix 4x4 (-0.0000, 0.0000,  0.4978, 0.0000)
            ( 0.0000, 7.8959,  0.0000, 0.0000)
            (-0.5180, 0.0000, -0.0000, 0.0000)
            (-2.5659, 0.0000,  1.9131, 1.0000)>
MESH
White Brick.005
<Matrix 4x4 (-0.0000, 0.0000,  0.4978, 0.0000)
            ( 0.0000, 7.8959,  0.0000, 0.0000)
            (-0.5180, 0.0000, -0.0000, 0.0000)
            (-1.9340, 0.0000,  0.9917, 1.0000)>
MESH
White Brick.006
<Matrix 4x4 (-0.0000, 0.0000,  0.4978, 0.0000)
            ( 0.0000, 7.8959,  0.0000, 0.0000)
            (-0.5180, 0.0000, -0.0000, 0.0000)
            (-1.9063, 0.0000,  3.1190, 1.0000)>
MESH
White Brick.007
<Matrix 4x4 (-0.0000, 0.0000,  0.4978, 0.0000)
            ( 0.0000, 7.8959,  0.0000, 0.0000)
            (-0.5180, 0.0000, -0.0000, 0.0000)
            (-2.1706, 0.0000,  2.9629, 1.0000)>
MESH
White Brick.008
<Matrix 4x4 (-0.0000, 0.0000,  0.4978, 0.0000)
            ( 0.0000, 7.8959,  0.0000, 0.0000)
            (-0.5180, 0.0000, -0.0000, 0.0000)
            (-2.5030, 0.0000,  1.4851, 1.0000)>
MESH
Grey Brick.013
<Matrix 4x4 (-0.0000, 0.0000,  0.4978, 0.0000)
            ( 0.0000, 7.8959,  0.0000, 0.0000)
            (-0.5180, 0.0000, -0.0000, 0.0000)
            (-1.9617, 0.0000,  1.6991, 1.0000)>
MESH
Grey Brick.016
<Matrix 4x4 (-0.0000, 0.0000,  0.4978, 0.0000)
            ( 0.0000, 7.8959,  0.0000, 0.0000)
            (-0.5180, 0.0000, -0.0000, 0.0000)
            (-1.9617, 0.0000,  1.8200, 1.0000)>
MESH
Grey Brick.017
<Matrix 4x4 (-0.0000, 0.0000,  0.4978, 0.0000)
            ( 0.0000, 7.8959,  0.0000, 0.0000)
            (-0.5180, 0.0000, -0.0000, 0.0000)
            (-1.9617, 0.0000,  1.9408, 1.0000)>
MESH
Grey Brick.018
<Matrix 4x4 (-0.0000, 0.0000,  0.4978, 0.0000)
            ( 0.0000, 7.8959,  0.0000, 0.0000)
            (-0.5180, 0.0000, -0.0000, 0.0000)
            (-1.9667, 0.0000,  2.0616, 1.0000)>
MESH
Grey Brick.019
<Matrix 4x4 (-0.0000, 0.0000,  0.4978, 0.0000)
            ( 0.0000, 7.8959,  0.0000, 0.0000)
            (-0.5180, 0.0000, -0.0000, 0.0000)
            (-1.9692, 0.0000,  2.1850, 1.0000)>
MESH
Grey Brick.020
<Matrix 4x4 (-0.0000, 0.0000,  0.4978, 0.0000)
            ( 0.0000, 7.8959,  0.0000, 0.0000)
            (-0.5180, 0.0000, -0.0000, 0.0000)
            (-1.9667, 0.0000,  2.3058, 1.0000)>
MESH
Grey Brick.021
<Matrix 4x4 (-0.0000, 0.0000,  0.4978, 0.0000)
            ( 0.0000, 7.8959,  0.0000, 0.0000)
            (-0.5180, 0.0000, -0.0000, 0.0000)
            (-1.9038, 0.0000,  1.9433, 1.0000)>
MESH
Grey Brick.022
<Matrix 4x4 (-0.0000, 0.0000,  0.4978, 0.0000)
            ( 0.0000, 7.8959,  0.0000, 0.0000)
            (-0.5180, 0.0000, -0.0000, 0.0000)
            (-1.9063, 0.0000,  2.0642, 1.0000)>
