# Game Level Exporter v1.0
LIGHT
Light
<Matrix 4x4 (-0.2909, -0.0552,  0.9552, 0.0000)
            (-0.7711,  0.6045, -0.1999, 0.0000)
            (-0.5664, -0.7947, -0.2184, 0.0000)
            ( 4.0762,  5.9039,  1.0055, 1.0000)>
CAMERA
Camera
<Matrix 4x4 (-0.0000,  0.0000,  1.0000, 0.0000)
            (-1.0000,  0.0000, -0.0000, 0.0000)
            ( 0.0000, -1.0000,  0.0000, 0.0000)
            (-1.8740,  9.1382,  2.0468, 1.0000)>
MESH
Cube.002
<Matrix 4x4 (-0.0000,  0.0000,  2.5239, 0.0000)
            (-0.5000,  0.0000, -0.0000, 0.0000)
            ( 0.0000, -0.5000,  0.0000, 0.0000)
            (-0.2078,  0.0000,  2.0398, 1.0000)>
MESH
Red Brick
<Matrix 4x4 (-0.0000, 0.0000,  0.6655, 0.0000)
            ( 0.0000, 7.8959,  0.0000, 0.0000)
            (-0.5180, 0.0000, -0.0000, 0.0000)
            (-2.0363, 0.0042,  2.0108, 1.0000)>
MESH
Plane.001
<Matrix 4x4 ( 1.3295,  0.0000, 0.0000, 0.0000)
            ( 0.0000,  0.0000, 2.1761, 0.0000)
            ( 0.0000, -1.0000, 0.0000, 0.0000)
            (-1.7433,  0.4923, 1.9805, 1.0000)>
MESH
Golf_ball
<Matrix 4x4 ( 0.0005,  0.0000, 0.0000, 0.0000)
            ( 0.0000,  0.0000, 0.0005, 0.0000)
            ( 0.0000, -0.0005, 0.0000, 0.0000)
            (-1.4910,  0.1670, 2.0336, 1.0000)>
MESH
Cube.001
<Matrix 4x4 ( 1.9726,  0.0000, 0.0000, 0.0000)
            ( 0.0000,  0.0000, 0.5000, 0.0000)
            ( 0.0000, -0.5000, 0.0000, 0.0000)
            (-1.6687,  0.0000, 4.0228, 1.0000)>
MESH
Paddle
<Matrix 4x4 (-0.0000, 0.0000,  0.0446, 0.0000)
            ( 0.0000, 0.0500,  0.0000, 0.0000)
            (-0.0523, 0.0000, -0.0000, 0.0000)
            (-1.2764, 0.1982,  2.0477, 1.0000)>
MESH
Cube.003
<Matrix 4x4 ( 1.9726,  0.0000, 0.0000, 0.0000)
            ( 0.0000,  0.0000, 0.5000, 0.0000)
            ( 0.0000, -0.5000, 0.0000, 0.0000)
            (-1.6687,  0.0000, 0.0228, 1.0000)>
MESH
Cube.004
<Matrix 4x4 (-0.0000,  0.0000,  2.5239, 0.0000)
            (-0.5000,  0.0000, -0.0000, 0.0000)
            ( 0.0000, -0.5000,  0.0000, 0.0000)
            (-3.2078,  0.0000,  2.0398, 1.0000)>
MESH
Plane.002
<Matrix 4x4 ( 1.5697,  0.0000, 0.0000, 0.0000)
            ( 0.0000,  0.0000, 2.9103, 0.0000)
            ( 0.0000, -1.0000, 0.0000, 0.0000)
            (-1.6655, -0.0057, 1.9414, 1.0000)>
MESH
Red Brick.001
<Matrix 4x4 (-0.0000, 0.0000,  0.6655, 0.0000)
            ( 0.0000, 7.8959,  0.0000, 0.0000)
            (-0.5180, 0.0000, -0.0000, 0.0000)
            (-1.9738, 0.0003,  2.0110, 1.0000)>
MESH
Red Brick.002
<Matrix 4x4 (-0.0000,  0.0000,  0.6655, 0.0000)
            ( 0.0000,  7.8959,  0.0000, 0.0000)
            (-0.5180,  0.0000, -0.0000, 0.0000)
            (-1.9754, -0.0295,  2.1714, 1.0000)>
MESH
Red Brick.003
<Matrix 4x4 (-0.0000,  0.0000,  0.6655, 0.0000)
            ( 0.0000,  7.8959,  0.0000, 0.0000)
            (-0.5180,  0.0000, -0.0000, 0.0000)
            (-2.0361, -0.0295,  2.1744, 1.0000)>
MESH
Red Brick.004
<Matrix 4x4 (-0.0000, 0.0000,  0.6655, 0.0000)
            ( 0.0000, 7.8959,  0.0000, 0.0000)
            (-0.5180, 0.0000, -0.0000, 0.0000)
            (-2.0337, 0.0042,  2.3393, 1.0000)>
MESH
Red Brick.005
<Matrix 4x4 (-0.0000, 0.0000,  0.6655, 0.0000)
            ( 0.0000, 7.8959,  0.0000, 0.0000)
            (-0.5180, 0.0000, -0.0000, 0.0000)
            (-1.9712, 0.0003,  2.3394, 1.0000)>
MESH
Red Brick.006
<Matrix 4x4 (-0.0000,  0.0000,  0.6655, 0.0000)
            ( 0.0000,  7.8959,  0.0000, 0.0000)
            (-0.5180,  0.0000, -0.0000, 0.0000)
            (-1.9728, -0.0295,  2.4998, 1.0000)>
MESH
Red Brick.007
<Matrix 4x4 (-0.0000,  0.0000,  0.6655, 0.0000)
            ( 0.0000,  7.8959,  0.0000, 0.0000)
            (-0.5180,  0.0000, -0.0000, 0.0000)
            (-2.0335, -0.0295,  2.5028, 1.0000)>
MESH
Red Brick.010
<Matrix 4x4 (-0.0000, 0.0000,  0.6655, 0.0000)
            ( 0.0000, 7.8959,  0.0000, 0.0000)
            (-0.5180, 0.0000, -0.0000, 0.0000)
            (-2.0363, 0.0042,  1.6824, 1.0000)>
MESH
Red Brick.008
<Matrix 4x4 (-0.0000, 0.0000,  0.6655, 0.0000)
            ( 0.0000, 7.8959,  0.0000, 0.0000)
            (-0.5180, 0.0000, -0.0000, 0.0000)
            (-1.9738, 0.0003,  1.6825, 1.0000)>
MESH
Red Brick.012
<Matrix 4x4 (-0.0000,  0.0000,  0.6655, 0.0000)
            ( 0.0000,  7.8959,  0.0000, 0.0000)
            (-0.5180,  0.0000, -0.0000, 0.0000)
            (-1.9754, -0.0295,  1.8430, 1.0000)>
MESH
Red Brick.009
<Matrix 4x4 (-0.0000,  0.0000,  0.6655, 0.0000)
            ( 0.0000,  7.8959,  0.0000, 0.0000)
            (-0.5180,  0.0000, -0.0000, 0.0000)
            (-2.0361, -0.0295,  1.8459, 1.0000)>
MESH
Red Brick.011
<Matrix 4x4 (-0.0000, 0.0000,  0.6655, 0.0000)
            ( 0.0000, 7.8959,  0.0000, 0.0000)
            (-0.5180, 0.0000, -0.0000, 0.0000)
            (-2.0389, 0.0042,  1.3600, 1.0000)>
MESH
Red Brick.014
<Matrix 4x4 (-0.0000, 0.0000,  0.6655, 0.0000)
            ( 0.0000, 7.8959,  0.0000, 0.0000)
            (-0.5180, 0.0000, -0.0000, 0.0000)
            (-1.9764, 0.0003,  1.3601, 1.0000)>
MESH
Red Brick.013
<Matrix 4x4 (-0.0000,  0.0000,  0.6655, 0.0000)
            ( 0.0000,  7.8959,  0.0000, 0.0000)
            (-0.5180,  0.0000, -0.0000, 0.0000)
            (-1.9780, -0.0295,  1.5205, 1.0000)>
MESH
Red Brick.019
<Matrix 4x4 (-0.0000,  0.0000,  0.6655, 0.0000)
            ( 0.0000,  7.8959,  0.0000, 0.0000)
            (-0.5180,  0.0000, -0.0000, 0.0000)
            (-2.0388, -0.0295,  1.5235, 1.0000)>
MESH
Red Brick.015
<Matrix 4x4 (-0.0000, 0.0000,  0.6655, 0.0000)
            ( 0.0000, 7.8959,  0.0000, 0.0000)
            (-0.5180, 0.0000, -0.0000, 0.0000)
            (-2.0337, 0.0042,  2.6647, 1.0000)>
MESH
Red Brick.018
<Matrix 4x4 (-0.0000, 0.0000,  0.6655, 0.0000)
            ( 0.0000, 7.8959,  0.0000, 0.0000)
            (-0.5180, 0.0000, -0.0000, 0.0000)
            (-1.9712, 0.0003,  2.6648, 1.0000)>
MESH
Red Brick.017
<Matrix 4x4 (-0.0000,  0.0000,  0.6655, 0.0000)
            ( 0.0000,  7.8959,  0.0000, 0.0000)
            (-0.5180,  0.0000, -0.0000, 0.0000)
            (-1.9728, -0.0295,  2.8252, 1.0000)>
MESH
Red Brick.016
<Matrix 4x4 (-0.0000,  0.0000,  0.6655, 0.0000)
            ( 0.0000,  7.8959,  0.0000, 0.0000)
            (-0.5180,  0.0000, -0.0000, 0.0000)
            (-2.0335, -0.0295,  2.8282, 1.0000)>
MESH
Green Brick
<Matrix 4x4 (-0.0000, 0.0000,  0.6655, 0.0000)
            ( 0.0000, 7.8959,  0.0000, 0.0000)
            (-0.5180, 0.0000, -0.0000, 0.0000)
            (-2.1520, 0.0042,  2.0138, 1.0000)>
MESH
Green Brick.001
<Matrix 4x4 (-0.0000, 0.0000,  0.6655, 0.0000)
            ( 0.0000, 7.8959,  0.0000, 0.0000)
            (-0.5180, 0.0000, -0.0000, 0.0000)
            (-2.0895, 0.0003,  2.0139, 1.0000)>
MESH
Green Brick.003
<Matrix 4x4 (-0.0000,  0.0000,  0.6655, 0.0000)
            ( 0.0000,  7.8959,  0.0000, 0.0000)
            (-0.5180,  0.0000, -0.0000, 0.0000)
            (-2.0911, -0.0295,  2.1743, 1.0000)>
MESH
Green Brick.002
<Matrix 4x4 (-0.0000,  0.0000,  0.6655, 0.0000)
            ( 0.0000,  7.8959,  0.0000, 0.0000)
            (-0.5180,  0.0000, -0.0000, 0.0000)
            (-2.1518, -0.0295,  2.1773, 1.0000)>
MESH
Green Brick.004
<Matrix 4x4 (-0.0000, 0.0000,  0.6655, 0.0000)
            ( 0.0000, 7.8959,  0.0000, 0.0000)
            (-0.5180, 0.0000, -0.0000, 0.0000)
            (-2.1493, 0.0042,  2.3423, 1.0000)>
MESH
Green Brick.006
<Matrix 4x4 (-0.0000, 0.0000,  0.6655, 0.0000)
            ( 0.0000, 7.8959,  0.0000, 0.0000)
            (-0.5180, 0.0000, -0.0000, 0.0000)
            (-2.0868, 0.0003,  2.3424, 1.0000)>
MESH
Green Brick.005
<Matrix 4x4 (-0.0000,  0.0000,  0.6655, 0.0000)
            ( 0.0000,  7.8959,  0.0000, 0.0000)
            (-0.5180,  0.0000, -0.0000, 0.0000)
            (-2.0884, -0.0295,  2.5028, 1.0000)>
MESH
Green Brick.007
<Matrix 4x4 (-0.0000,  0.0000,  0.6655, 0.0000)
            ( 0.0000,  7.8959,  0.0000, 0.0000)
            (-0.5180,  0.0000, -0.0000, 0.0000)
            (-2.1492, -0.0295,  2.5058, 1.0000)>
MESH
Green Brick.009
<Matrix 4x4 (-0.0000, 0.0000,  0.6655, 0.0000)
            ( 0.0000, 7.8959,  0.0000, 0.0000)
            (-0.5180, 0.0000, -0.0000, 0.0000)
            (-2.1520, 0.0042,  1.6854, 1.0000)>
MESH
Green Brick.008
<Matrix 4x4 (-0.0000, 0.0000,  0.6655, 0.0000)
            ( 0.0000, 7.8959,  0.0000, 0.0000)
            (-0.5180, 0.0000, -0.0000, 0.0000)
            (-2.0895, 0.0003,  1.6855, 1.0000)>
MESH
Green Brick.011
<Matrix 4x4 (-0.0000,  0.0000,  0.6655, 0.0000)
            ( 0.0000,  7.8959,  0.0000, 0.0000)
            (-0.5180,  0.0000, -0.0000, 0.0000)
            (-2.0911, -0.0295,  1.8459, 1.0000)>
MESH
Green Brick.010
<Matrix 4x4 (-0.0000,  0.0000,  0.6655, 0.0000)
            ( 0.0000,  7.8959,  0.0000, 0.0000)
            (-0.5180,  0.0000, -0.0000, 0.0000)
            (-2.1518, -0.0295,  1.8489, 1.0000)>
MESH
Green Brick.013
<Matrix 4x4 (-0.0000, 0.0000,  0.6655, 0.0000)
            ( 0.0000, 7.8959,  0.0000, 0.0000)
            (-0.5180, 0.0000, -0.0000, 0.0000)
            (-2.1546, 0.0042,  1.3630, 1.0000)>
MESH
Green Brick.012
<Matrix 4x4 (-0.0000, 0.0000,  0.6655, 0.0000)
            ( 0.0000, 7.8959,  0.0000, 0.0000)
            (-0.5180, 0.0000, -0.0000, 0.0000)
            (-2.0921, 0.0003,  1.3631, 1.0000)>
MESH
Green Brick.015
<Matrix 4x4 (-0.0000,  0.0000,  0.6655, 0.0000)
            ( 0.0000,  7.8959,  0.0000, 0.0000)
            (-0.5180,  0.0000, -0.0000, 0.0000)
            (-2.0937, -0.0295,  1.5235, 1.0000)>
MESH
Green Brick.014
<Matrix 4x4 (-0.0000,  0.0000,  0.6655, 0.0000)
            ( 0.0000,  7.8959,  0.0000, 0.0000)
            (-0.5180,  0.0000, -0.0000, 0.0000)
            (-2.1544, -0.0295,  1.5265, 1.0000)>
MESH
Green Brick.017
<Matrix 4x4 (-0.0000, 0.0000,  0.6655, 0.0000)
            ( 0.0000, 7.8959,  0.0000, 0.0000)
            (-0.5180, 0.0000, -0.0000, 0.0000)
            (-2.1493, 0.0042,  2.6677, 1.0000)>
MESH
Green Brick.016
<Matrix 4x4 (-0.0000, 0.0000,  0.6655, 0.0000)
            ( 0.0000, 7.8959,  0.0000, 0.0000)
            (-0.5180, 0.0000, -0.0000, 0.0000)
            (-2.0868, 0.0003,  2.6678, 1.0000)>
MESH
Green Brick.019
<Matrix 4x4 (-0.0000,  0.0000,  0.6655, 0.0000)
            ( 0.0000,  7.8959,  0.0000, 0.0000)
            (-0.5180,  0.0000, -0.0000, 0.0000)
            (-2.0884, -0.0295,  2.8282, 1.0000)>
MESH
Green Brick.018
<Matrix 4x4 (-0.0000,  0.0000,  0.6655, 0.0000)
            ( 0.0000,  7.8959,  0.0000, 0.0000)
            (-0.5180,  0.0000, -0.0000, 0.0000)
            (-2.1492, -0.0295,  2.8312, 1.0000)>
MESH
Blue Brick.001
<Matrix 4x4 (-0.0000, 0.0000,  0.6655, 0.0000)
            ( 0.0000, 7.8959,  0.0000, 0.0000)
            (-0.5180, 0.0000, -0.0000, 0.0000)
            (-2.2703, 0.0042,  2.0198, 1.0000)>
MESH
Blue Brick.002
<Matrix 4x4 (-0.0000, 0.0000,  0.6655, 0.0000)
            ( 0.0000, 7.8959,  0.0000, 0.0000)
            (-0.5180, 0.0000, -0.0000, 0.0000)
            (-2.2078, 0.0003,  2.0199, 1.0000)>
MESH
Blue Brick.003
<Matrix 4x4 (-0.0000,  0.0000,  0.6655, 0.0000)
            ( 0.0000,  7.8959,  0.0000, 0.0000)
            (-0.5180,  0.0000, -0.0000, 0.0000)
            (-2.2094, -0.0295,  2.1803, 1.0000)>
MESH
Blue Brick.004
<Matrix 4x4 (-0.0000,  0.0000,  0.6655, 0.0000)
            ( 0.0000,  7.8959,  0.0000, 0.0000)
            (-0.5180,  0.0000, -0.0000, 0.0000)
            (-2.2701, -0.0295,  2.1833, 1.0000)>
MESH
Blue Brick.005
<Matrix 4x4 (-0.0000, 0.0000,  0.6655, 0.0000)
            ( 0.0000, 7.8959,  0.0000, 0.0000)
            (-0.5180, 0.0000, -0.0000, 0.0000)
            (-2.2676, 0.0042,  2.3482, 1.0000)>
MESH
Blue Brick.006
<Matrix 4x4 (-0.0000, 0.0000,  0.6655, 0.0000)
            ( 0.0000, 7.8959,  0.0000, 0.0000)
            (-0.5180, 0.0000, -0.0000, 0.0000)
            (-2.2051, 0.0003,  2.3483, 1.0000)>
MESH
Blue Brick.007
<Matrix 4x4 (-0.0000,  0.0000,  0.6655, 0.0000)
            ( 0.0000,  7.8959,  0.0000, 0.0000)
            (-0.5180,  0.0000, -0.0000, 0.0000)
            (-2.2067, -0.0295,  2.5087, 1.0000)>
MESH
Blue Brick.008
<Matrix 4x4 (-0.0000,  0.0000,  0.6655, 0.0000)
            ( 0.0000,  7.8959,  0.0000, 0.0000)
            (-0.5180,  0.0000, -0.0000, 0.0000)
            (-2.2675, -0.0295,  2.5117, 1.0000)>
MESH
Blue Brick.009
<Matrix 4x4 (-0.0000, 0.0000,  0.6655, 0.0000)
            ( 0.0000, 7.8959,  0.0000, 0.0000)
            (-0.5180, 0.0000, -0.0000, 0.0000)
            (-2.2703, 0.0042,  1.6914, 1.0000)>
MESH
Blue Brick.010
<Matrix 4x4 (-0.0000, 0.0000,  0.6655, 0.0000)
            ( 0.0000, 7.8959,  0.0000, 0.0000)
            (-0.5180, 0.0000, -0.0000, 0.0000)
            (-2.2078, 0.0003,  1.6915, 1.0000)>
MESH
Blue Brick.011
<Matrix 4x4 (-0.0000,  0.0000,  0.6655, 0.0000)
            ( 0.0000,  7.8959,  0.0000, 0.0000)
            (-0.5180,  0.0000, -0.0000, 0.0000)
            (-2.2094, -0.0295,  1.8519, 1.0000)>
MESH
Blue Brick.012
<Matrix 4x4 (-0.0000,  0.0000,  0.6655, 0.0000)
            ( 0.0000,  7.8959,  0.0000, 0.0000)
            (-0.5180,  0.0000, -0.0000, 0.0000)
            (-2.2701, -0.0295,  1.8549, 1.0000)>
MESH
Blue Brick.013
<Matrix 4x4 (-0.0000, 0.0000,  0.6655, 0.0000)
            ( 0.0000, 7.8959,  0.0000, 0.0000)
            (-0.5180, 0.0000, -0.0000, 0.0000)
            (-2.2729, 0.0042,  1.3689, 1.0000)>
MESH
Blue Brick.014
<Matrix 4x4 (-0.0000, 0.0000,  0.6655, 0.0000)
            ( 0.0000, 7.8959,  0.0000, 0.0000)
            (-0.5180, 0.0000, -0.0000, 0.0000)
            (-2.2104, 0.0003,  1.3690, 1.0000)>
MESH
Blue Brick.015
<Matrix 4x4 (-0.0000,  0.0000,  0.6655, 0.0000)
            ( 0.0000,  7.8959,  0.0000, 0.0000)
            (-0.5180,  0.0000, -0.0000, 0.0000)
            (-2.2120, -0.0295,  1.5295, 1.0000)>
MESH
Blue Brick.016
<Matrix 4x4 (-0.0000,  0.0000,  0.6655, 0.0000)
            ( 0.0000,  7.8959,  0.0000, 0.0000)
            (-0.5180,  0.0000, -0.0000, 0.0000)
            (-2.2727, -0.0295,  1.5324, 1.0000)>
MESH
Blue Brick.017
<Matrix 4x4 (-0.0000, 0.0000,  0.6655, 0.0000)
            ( 0.0000, 7.8959,  0.0000, 0.0000)
            (-0.5180, 0.0000, -0.0000, 0.0000)
            (-2.2676, 0.0042,  2.6736, 1.0000)>
MESH
Blue Brick.018
<Matrix 4x4 (-0.0000, 0.0000,  0.6655, 0.0000)
            ( 0.0000, 7.8959,  0.0000, 0.0000)
            (-0.5180, 0.0000, -0.0000, 0.0000)
            (-2.2051, 0.0003,  2.6737, 1.0000)>
MESH
Blue Brick.019
<Matrix 4x4 (-0.0000,  0.0000,  0.6655, 0.0000)
            ( 0.0000,  7.8959,  0.0000, 0.0000)
            (-0.5180,  0.0000, -0.0000, 0.0000)
            (-2.2067, -0.0295,  2.8341, 1.0000)>
MESH
Blue Brick.020
<Matrix 4x4 (-0.0000,  0.0000,  0.6655, 0.0000)
            ( 0.0000,  7.8959,  0.0000, 0.0000)
            (-0.5180,  0.0000, -0.0000, 0.0000)
            (-2.2675, -0.0295,  2.8371, 1.0000)>
MESH
Yellow Brick
<Matrix 4x4 (-0.0000, 0.0000,  0.6655, 0.0000)
            ( 0.0000, 7.8959,  0.0000, 0.0000)
            (-0.5180, 0.0000, -0.0000, 0.0000)
            (-2.3886, 0.0042,  2.0228, 1.0000)>
MESH
Yellow Brick.019
<Matrix 4x4 (-0.0000, 0.0000,  0.6655, 0.0000)
            ( 0.0000, 7.8959,  0.0000, 0.0000)
            (-0.5180, 0.0000, -0.0000, 0.0000)
            (-2.3261, 0.0003,  2.0229, 1.0000)>
MESH
Yellow Brick.001
<Matrix 4x4 (-0.0000,  0.0000,  0.6655, 0.0000)
            ( 0.0000,  7.8959,  0.0000, 0.0000)
            (-0.5180,  0.0000, -0.0000, 0.0000)
            (-2.3277, -0.0295,  2.1833, 1.0000)>
MESH
Yellow Brick.003
<Matrix 4x4 (-0.0000,  0.0000,  0.6655, 0.0000)
            ( 0.0000,  7.8959,  0.0000, 0.0000)
            (-0.5180,  0.0000, -0.0000, 0.0000)
            (-2.3884, -0.0295,  2.1863, 1.0000)>
MESH
Yellow Brick.002
<Matrix 4x4 (-0.0000, 0.0000,  0.6655, 0.0000)
            ( 0.0000, 7.8959,  0.0000, 0.0000)
            (-0.5180, 0.0000, -0.0000, 0.0000)
            (-2.3859, 0.0042,  2.3512, 1.0000)>
MESH
Yellow Brick.005
<Matrix 4x4 (-0.0000, 0.0000,  0.6655, 0.0000)
            ( 0.0000, 7.8959,  0.0000, 0.0000)
            (-0.5180, 0.0000, -0.0000, 0.0000)
            (-2.3234, 0.0003,  2.3513, 1.0000)>
MESH
Yellow Brick.004
<Matrix 4x4 (-0.0000,  0.0000,  0.6655, 0.0000)
            ( 0.0000,  7.8959,  0.0000, 0.0000)
            (-0.5180,  0.0000, -0.0000, 0.0000)
            (-2.3250, -0.0295,  2.5117, 1.0000)>
MESH
Yellow Brick.007
<Matrix 4x4 (-0.0000,  0.0000,  0.6655, 0.0000)
            ( 0.0000,  7.8959,  0.0000, 0.0000)
            (-0.5180,  0.0000, -0.0000, 0.0000)
            (-2.3858, -0.0295,  2.5147, 1.0000)>
MESH
Yellow Brick.006
<Matrix 4x4 (-0.0000, 0.0000,  0.6655, 0.0000)
            ( 0.0000, 7.8959,  0.0000, 0.0000)
            (-0.5180, 0.0000, -0.0000, 0.0000)
            (-2.3886, 0.0042,  1.6943, 1.0000)>
MESH
Yellow Brick.009
<Matrix 4x4 (-0.0000, 0.0000,  0.6655, 0.0000)
            ( 0.0000, 7.8959,  0.0000, 0.0000)
            (-0.5180, 0.0000, -0.0000, 0.0000)
            (-2.3261, 0.0003,  1.6945, 1.0000)>
MESH
Yellow Brick.008
<Matrix 4x4 (-0.0000,  0.0000,  0.6655, 0.0000)
            ( 0.0000,  7.8959,  0.0000, 0.0000)
            (-0.5180,  0.0000, -0.0000, 0.0000)
            (-2.3277, -0.0295,  1.8549, 1.0000)>
MESH
Yellow Brick.013
<Matrix 4x4 (-0.0000,  0.0000,  0.6655, 0.0000)
            ( 0.0000,  7.8959,  0.0000, 0.0000)
            (-0.5180,  0.0000, -0.0000, 0.0000)
            (-2.3884, -0.0295,  1.8579, 1.0000)>
MESH
Yellow Brick.010
<Matrix 4x4 (-0.0000, 0.0000,  0.6655, 0.0000)
            ( 0.0000, 7.8959,  0.0000, 0.0000)
            (-0.5180, 0.0000, -0.0000, 0.0000)
            (-2.3912, 0.0042,  1.3719, 1.0000)>
MESH
Yellow Brick.012
<Matrix 4x4 (-0.0000, 0.0000,  0.6655, 0.0000)
            ( 0.0000, 7.8959,  0.0000, 0.0000)
            (-0.5180, 0.0000, -0.0000, 0.0000)
            (-2.3287, 0.0003,  1.3720, 1.0000)>
MESH
Yellow Brick.011
<Matrix 4x4 (-0.0000,  0.0000,  0.6655, 0.0000)
            ( 0.0000,  7.8959,  0.0000, 0.0000)
            (-0.5180,  0.0000, -0.0000, 0.0000)
            (-2.3303, -0.0295,  1.5324, 1.0000)>
MESH
Yellow Brick.015
<Matrix 4x4 (-0.0000,  0.0000,  0.6655, 0.0000)
            ( 0.0000,  7.8959,  0.0000, 0.0000)
            (-0.5180,  0.0000, -0.0000, 0.0000)
            (-2.3910, -0.0295,  1.5354, 1.0000)>
MESH
Yellow Brick.014
<Matrix 4x4 (-0.0000, 0.0000,  0.6655, 0.0000)
            ( 0.0000, 7.8959,  0.0000, 0.0000)
            (-0.5180, 0.0000, -0.0000, 0.0000)
            (-2.3859, 0.0042,  2.6766, 1.0000)>
MESH
Yellow Brick.017
<Matrix 4x4 (-0.0000, 0.0000,  0.6655, 0.0000)
            ( 0.0000, 7.8959,  0.0000, 0.0000)
            (-0.5180, 0.0000, -0.0000, 0.0000)
            (-2.3234, 0.0003,  2.6767, 1.0000)>
MESH
Yellow Brick.016
<Matrix 4x4 (-0.0000,  0.0000,  0.6655, 0.0000)
            ( 0.0000,  7.8959,  0.0000, 0.0000)
            (-0.5180,  0.0000, -0.0000, 0.0000)
            (-2.3250, -0.0295,  2.8371, 1.0000)>
MESH
Yellow Brick.018
<Matrix 4x4 (-0.0000,  0.0000,  0.6655, 0.0000)
            ( 0.0000,  7.8959,  0.0000, 0.0000)
            (-0.5180,  0.0000, -0.0000, 0.0000)
            (-2.3858, -0.0295,  2.8401, 1.0000)>
