# Game Level Exporter v1.0
LIGHT
Light
<Matrix 4x4 (-0.2909, -0.0552,  0.9552, 0.0000)
            (-0.7711,  0.6045, -0.1999, 0.0000)
            (-0.5664, -0.7947, -0.2184, 0.0000)
            ( 4.0762,  5.9039,  1.0055, 1.0000)>
CAMERA
Camera
<Matrix 4x4 ( 0.6859,  0.0000,  0.7277, 0.0000)
            (-0.3240,  0.8954,  0.3054, 0.0000)
            (-0.6516, -0.4453,  0.6142, 0.0000)
            ( 7.3589,  4.9583, -6.9258, 1.0000)>
MESH
Brick.001
<Matrix 4x4 (1.0000, 0.0000,  0.0000, 0.0000)
            (0.0000, 1.0000, -0.0000, 0.0000)
            (0.0000, 0.0000,  1.0000, 0.0000)
            (1.0000, 0.0000,  0.0000, 1.0000)>
MESH
Brick
<Matrix 4x4 (1.0000,  0.0000, 0.0000, 0.0000)
            (0.0000,  0.0000, 1.0000, 0.0000)
            (0.0000, -1.0000, 0.0000, 0.0000)
            (1.0000,  0.0000, 0.2500, 1.0000)>
MESH
Golf_ball
<Matrix 4x4 (0.0010, 0.0000,  0.0000, 0.0000)
            (0.0000, 0.0010, -0.0000, 0.0000)
            (0.0000, 0.0000,  0.0010, 0.0000)
            (2.0000, 0.2500,  0.0000, 1.0000)>
MESH
Sphere
<Matrix 4x4 (0.0750, 0.0000,  0.0000, 0.0000)
            (0.0000, 0.0750, -0.0000, 0.0000)
            (0.0000, 0.0000,  0.0750, 0.0000)
            (2.3300, 0.2500,  0.0000, 1.0000)>
MESH
Spikeball
<Matrix 4x4 (0.0500, 0.0000,  0.0000, 0.0000)
            (0.0000, 0.0500, -0.0000, 0.0000)
            (0.0000, 0.0000,  0.0500, 0.0000)
            (2.6600, 0.2500,  0.0000, 1.0000)>
MESH
Benzene
<Matrix 4x4 (0.0500, 0.0000,  0.0000, 0.0000)
            (0.0000, 0.0500, -0.0000, 0.0000)
            (0.0000, 0.0000,  0.0500, 0.0000)
            (3.0000, 0.2500,  0.0000, 1.0000)>
MESH
Slime
<Matrix 4x4 (-0.0000, 0.0000, -0.1000, 0.0000)
            (-0.0000, 0.1000,  0.0000, 0.0000)
            ( 0.1000, 0.0000, -0.0000, 0.0000)
            ( 4.0000, 0.0000,  0.0000, 1.0000)>
MESH
Bat
<Matrix 4x4 (0.1000, 0.0000,  0.0000, 0.0000)
            (0.0000, 0.1000, -0.0000, 0.0000)
            (0.0000, 0.0000,  0.1000, 0.0000)
            (4.5000, 0.0000,  0.0000, 1.0000)>
MESH
Dragon
<Matrix 4x4 (0.1000, 0.0000,  0.0000, 0.0000)
            (0.0000, 0.1000, -0.0000, 0.0000)
            (0.0000, 0.0000,  0.1000, 0.0000)
            (5.0000, 0.0000,  0.0000, 1.0000)>
MESH
Skeleton
<Matrix 4x4 (0.1000, 0.0000,  0.0000, 0.0000)
            (0.0000, 0.1000, -0.0000, 0.0000)
            (0.0000, 0.0000,  0.1000, 0.0000)
            (5.5000, 0.0000,  0.0000, 1.0000)>
MESH
Yeti
<Matrix 4x4 (0.1000, 0.0000,  0.0000, 0.0000)
            (0.0000, 0.1000, -0.0000, 0.0000)
            (0.0000, 0.0000,  0.1000, 0.0000)
            (6.0000, 0.0000,  0.0000, 1.0000)>
MESH
BlueDemon
<Matrix 4x4 (0.1000, 0.0000,  0.0000, 0.0000)
            (0.0000, 0.1000, -0.0000, 0.0000)
            (0.0000, 0.0000,  0.1000, 0.0000)
            (6.5000, 0.0000,  0.0000, 1.0000)>
MESH
Plane
<Matrix 4x4 (5.0000,  0.0000, 0.0000, 0.0000)
            (0.0000,  0.0000, 1.0000, 0.0000)
            (0.0000, -1.0000, 0.0000, 0.0000)
            (3.0000,  0.0000, 0.0000, 1.0000)>
