# Game Level Exporter v1.0
LIGHT
Light
<Matrix 4x4 (-0.2909, -0.0552,  0.9552, 0.0000)
            (-0.7711,  0.6045, -0.1999, 0.0000)
            (-0.5664, -0.7947, -0.2184, 0.0000)
            ( 4.0762,  5.9039,  1.0055, 1.0000)>
CAMERA
Camera
<Matrix 4x4 (-0.0000,  0.0000,  1.0000, 0.0000)
            (-1.0000,  0.0000, -0.0000, 0.0000)
            ( 0.0000, -1.0000,  0.0000, 0.0000)
            (-1.8740,  9.1382,  2.0468, 1.0000)>
MESH
Cube.002
<Matrix 4x4 (-0.0000,  0.0000,  2.5239, 0.0000)
            (-0.5000,  0.0000, -0.0000, 0.0000)
            ( 0.0000, -0.5000,  0.0000, 0.0000)
            (-0.2078,  0.0000,  2.0398, 1.0000)>
MESH
Brown Brick
<Matrix 4x4 (-0.0000, 0.0000,  0.6788, 0.0000)
            ( 0.0000, 7.8959,  0.0000, 0.0000)
            (-0.6850, 0.0000, -0.0000, 0.0000)
            (-1.7633, 0.0000,  2.0235, 1.0000)>
MESH
Plane.001
<Matrix 4x4 ( 1.3295,  0.0000, 0.0000, 0.0000)
            ( 0.0000,  0.0000, 2.1761, 0.0000)
            ( 0.0000, -1.0000, 0.0000, 0.0000)
            (-1.7433,  0.4923, 1.9805, 1.0000)>
MESH
Golf_ball
<Matrix 4x4 ( 0.0005,  0.0000, 0.0000, 0.0000)
            ( 0.0000,  0.0000, 0.0005, 0.0000)
            ( 0.0000, -0.0005, 0.0000, 0.0000)
            (-1.4910,  0.1670, 2.0336, 1.0000)>
MESH
Cube.001
<Matrix 4x4 ( 1.9726,  0.0000, 0.0000, 0.0000)
            ( 0.0000,  0.0000, 0.5000, 0.0000)
            ( 0.0000, -0.5000, 0.0000, 0.0000)
            (-1.6687,  0.0000, 4.0228, 1.0000)>
MESH
Paddle
<Matrix 4x4 (-0.0000, 0.0000,  0.0446, 0.0000)
            ( 0.0000, 0.0500,  0.0000, 0.0000)
            (-0.0523, 0.0000, -0.0000, 0.0000)
            (-1.2764, 0.1982,  2.0477, 1.0000)>
MESH
Cube.003
<Matrix 4x4 ( 1.9726,  0.0000, 0.0000, 0.0000)
            ( 0.0000,  0.0000, 0.5000, 0.0000)
            ( 0.0000, -0.5000, 0.0000, 0.0000)
            (-1.6687,  0.0000, 0.0228, 1.0000)>
MESH
Cube.004
<Matrix 4x4 (-0.0000,  0.0000,  2.5239, 0.0000)
            (-0.5000,  0.0000, -0.0000, 0.0000)
            ( 0.0000, -0.5000,  0.0000, 0.0000)
            (-3.2078,  0.0000,  2.0398, 1.0000)>
MESH
Plane.002
<Matrix 4x4 ( 1.3295,  0.0000, 0.0000, 0.0000)
            ( 0.0000,  0.0000, 2.1761, 0.0000)
            ( 0.0000, -1.0000, 0.0000, 0.0000)
            (-1.7433, -0.0057, 1.9805, 1.0000)>
MESH
Brown Brick.001
<Matrix 4x4 (-0.0000, 0.0000,  0.6788, 0.0000)
            ( 0.0000, 7.8959,  0.0000, 0.0000)
            (-0.6850, 0.0000, -0.0000, 0.0000)
            (-1.8413, 0.0000,  2.0235, 1.0000)>
MESH
Brown Brick.002
<Matrix 4x4 (-0.0000, 0.0000,  0.6788, 0.0000)
            ( 0.0000, 7.8959,  0.0000, 0.0000)
            (-0.6850, 0.0000, -0.0000, 0.0000)
            (-1.9171, 0.0000,  2.0235, 1.0000)>
MESH
Brown Brick.003
<Matrix 4x4 (-0.0000, 0.0000,  0.6788, 0.0000)
            ( 0.0000, 7.8959,  0.0000, 0.0000)
            (-0.6850, 0.0000, -0.0000, 0.0000)
            (-1.9193, 0.0000,  2.1684, 1.0000)>
MESH
Brown Brick.004
<Matrix 4x4 (-0.0000, 0.0000,  0.6788, 0.0000)
            ( 0.0000, 7.8959,  0.0000, 0.0000)
            (-0.6850, 0.0000, -0.0000, 0.0000)
            (-1.9906, 0.0000,  2.2308, 1.0000)>
MESH
Brown Brick.005
<Matrix 4x4 (-0.0000, 0.0000,  0.6788, 0.0000)
            ( 0.0000, 7.8959,  0.0000, 0.0000)
            (-0.6850, 0.0000, -0.0000, 0.0000)
            (-1.9906, 0.0000,  2.0169, 1.0000)>
MESH
Brown Brick.006
<Matrix 4x4 (-0.0000, 0.0000,  0.6788, 0.0000)
            ( 0.0000, 7.8959,  0.0000, 0.0000)
            (-0.6850, 0.0000, -0.0000, 0.0000)
            (-1.9884, 0.0000,  1.8653, 1.0000)>
MESH
Brown Brick.007
<Matrix 4x4 (-0.0000, 0.0000,  0.6788, 0.0000)
            ( 0.0000, 7.8959,  0.0000, 0.0000)
            (-0.6850, 0.0000, -0.0000, 0.0000)
            (-2.0620, 0.0000,  1.7940, 1.0000)>
MESH
Brown Brick.008
<Matrix 4x4 (-0.0000, 0.0000,  0.6788, 0.0000)
            ( 0.0000, 7.8959,  0.0000, 0.0000)
            (-0.6850, 0.0000, -0.0000, 0.0000)
            (-2.0575, 0.0000,  2.0146, 1.0000)>
MESH
Brown Brick.009
<Matrix 4x4 (-0.0000, 0.0000,  0.6788, 0.0000)
            ( 0.0000, 7.8959,  0.0000, 0.0000)
            (-0.6850, 0.0000, -0.0000, 0.0000)
            (-2.1311, 0.0000,  2.0124, 1.0000)>
MESH
Green Brick.002
<Matrix 4x4 (-0.0000, 0.0000,  0.6788, 0.0000)
            ( 0.0000, 7.8959,  0.0000, 0.0000)
            (-0.6850, 0.0000, -0.0000, 0.0000)
            (-2.1266, 0.0000,  1.8006, 1.0000)>
MESH
Green Brick.003
<Matrix 4x4 (-0.0000, 0.0000,  0.6788, 0.0000)
            ( 0.0000, 7.8959,  0.0000, 0.0000)
            (-0.6850, 0.0000, -0.0000, 0.0000)
            (-2.2046, 0.0000,  1.7694, 1.0000)>
MESH
Brown Brick.010
<Matrix 4x4 (-0.0000, 0.0000,  0.6788, 0.0000)
            ( 0.0000, 7.8959,  0.0000, 0.0000)
            (-0.6850, 0.0000, -0.0000, 0.0000)
            (-2.2069, 0.0000,  2.0102, 1.0000)>
MESH
Green Brick.005
<Matrix 4x4 (-0.0000, 0.0000,  0.6788, 0.0000)
            ( 0.0000, 7.8959,  0.0000, 0.0000)
            (-0.6850, 0.0000, -0.0000, 0.0000)
            (-2.2760, 0.0000,  2.0837, 1.0000)>
MESH
Green Brick.006
<Matrix 4x4 (-0.0000, 0.0000,  0.6788, 0.0000)
            ( 0.0000, 7.8959,  0.0000, 0.0000)
            (-0.6850, 0.0000, -0.0000, 0.0000)
            (-2.0620, 0.0000,  2.1929, 1.0000)>
MESH
Green Brick.007
<Matrix 4x4 (-0.0000, 0.0000,  0.6788, 0.0000)
            ( 0.0000, 7.8959,  0.0000, 0.0000)
            (-0.6850, 0.0000, -0.0000, 0.0000)
            (-2.0575, 0.0000,  2.3579, 1.0000)>
MESH
Green Brick.008
<Matrix 4x4 (-0.0000, 0.0000,  0.6788, 0.0000)
            ( 0.0000, 7.8959,  0.0000, 0.0000)
            (-0.6850, 0.0000, -0.0000, 0.0000)
            (-2.1333, 0.0000,  2.2242, 1.0000)>
MESH
Green Brick.009
<Matrix 4x4 (-0.0000, 0.0000,  0.6788, 0.0000)
            ( 0.0000, 7.8959,  0.0000, 0.0000)
            (-0.6850, 0.0000, -0.0000, 0.0000)
            (-2.1311, 0.0000,  2.3846, 1.0000)>
MESH
Green Brick.010
<Matrix 4x4 (-0.0000, 0.0000,  0.6788, 0.0000)
            ( 0.0000, 7.8959,  0.0000, 0.0000)
            (-0.6850, 0.0000, -0.0000, 0.0000)
            (-2.2024, 0.0000,  2.2910, 1.0000)>
MESH
Green Brick.011
<Matrix 4x4 (-0.0000, 0.0000,  0.6788, 0.0000)
            ( 0.0000, 7.8959,  0.0000, 0.0000)
            (-0.6850, 0.0000, -0.0000, 0.0000)
            (-2.2760, 0.0000,  1.9544, 1.0000)>
MESH
Green Brick.012
<Matrix 4x4 (-0.0000, 0.0000,  0.6788, 0.0000)
            ( 0.0000, 7.8959,  0.0000, 0.0000)
            (-0.6850, 0.0000, -0.0000, 0.0000)
            (-2.1244, 0.0000,  1.6468, 1.0000)>
MESH
Green Brick.013
<Matrix 4x4 (-0.0000, 0.0000,  0.6788, 0.0000)
            ( 0.0000, 7.8959,  0.0000, 0.0000)
            (-0.6850, 0.0000, -0.0000, 0.0000)
            (-2.2002, 0.0000,  1.6089, 1.0000)>
MESH
Green Brick.014
<Matrix 4x4 (-0.0000, 0.0000,  0.6788, 0.0000)
            ( 0.0000, 7.8959,  0.0000, 0.0000)
            (-0.6850, 0.0000, -0.0000, 0.0000)
            (-2.2804, 0.0000,  1.6936, 1.0000)>
MESH
Green Brick
<Matrix 4x4 (-0.0000, 0.0000,  0.6788, 0.0000)
            ( 0.0000, 7.8959,  0.0000, 0.0000)
            (-0.6850, 0.0000, -0.0000, 0.0000)
            (-2.3428, 0.0000,  1.9366, 1.0000)>
MESH
Green Brick.001
<Matrix 4x4 (-0.0000, 0.0000,  0.6788, 0.0000)
            ( 0.0000, 7.8959,  0.0000, 0.0000)
            (-0.6850, 0.0000, -0.0000, 0.0000)
            (-2.3428, 0.0000,  2.1038, 1.0000)>
MESH
Green Brick.004
<Matrix 4x4 (-0.0000, 0.0000,  0.6788, 0.0000)
            ( 0.0000, 7.8959,  0.0000, 0.0000)
            (-0.6850, 0.0000, -0.0000, 0.0000)
            (-2.4164, 0.0000,  2.0101, 1.0000)>
MESH
Bat.001
<Matrix 4x4 (-0.0000,  0.0000,  0.0250, 0.0000)
            (-0.0250,  0.0000, -0.0000, 0.0000)
            ( 0.0000, -0.0250,  0.0000, 0.0000)
            (-2.2928,  0.7183,  1.6963, 1.0000)>
MESH
Bat.002
<Matrix 4x4 (-0.0000,  0.0000,  0.0250, 0.0000)
            (-0.0250,  0.0000, -0.0000, 0.0000)
            ( 0.0000, -0.0250,  0.0000, 0.0000)
            (-2.1511,  0.7183,  2.4254, 1.0000)>
MESH
Bat.003
<Matrix 4x4 (-0.0000,  0.0000,  0.0250, 0.0000)
            (-0.0250,  0.0000, -0.0000, 0.0000)
            ( 0.0000, -0.0250,  0.0000, 0.0000)
            (-2.4263,  0.7183,  2.0085, 1.0000)>
MESH
Bat
<Matrix 4x4 (-0.0000,  0.0000,  0.0250, 0.0000)
            (-0.0250,  0.0000, -0.0000, 0.0000)
            ( 0.0000, -0.0250,  0.0000, 0.0000)
            (-2.2189,  0.7183,  2.2755, 1.0000)>
