# Game Level Exporter v1.0
MESH
Container_Small.006
<Matrix 4x4 (-0.0024, -0.3297,  0.0168, 0.0000)
            ( 0.0003,  0.0335,  0.6577, 0.0000)
            (-0.6449,  0.0046,  0.0000, 0.0000)
            (-2.5322,  7.4901, -3.1737, 1.0000)>
CAMERA
Camera
<Matrix 4x4 ( 0.9998,  0.0000,  0.0210, 0.0000)
            (-0.0024,  0.9932,  0.1162, 0.0000)
            (-0.0208, -0.1162,  0.9930, 0.0000)
            (-4.6963,  7.5430, -9.9777, 1.0000)>
MESH
Container_Small.001
<Matrix 4x4 (-0.0024, -0.3297,  0.0168, 0.0000)
            ( 0.0003,  0.0335,  0.6577, 0.0000)
            (-0.6449,  0.0046,  0.0000, 0.0000)
            (-4.1219,  7.5045, -3.1737, 1.0000)>
MESH
Container_Small.002
<Matrix 4x4 (-0.0024, -0.3297,  0.0168, 0.0000)
            ( 0.0003,  0.0335,  0.6577, 0.0000)
            (-0.6449,  0.0046,  0.0000, 0.0000)
            (-5.8766,  7.5204, -3.1737, 1.0000)>
MESH
Container_Small
<Matrix 4x4 (-0.0024, -0.3297,  0.0168, 0.0000)
            ( 0.0003,  0.0335,  0.6577, 0.0000)
            (-0.6449,  0.0046,  0.0000, 0.0000)
            (-7.7470,  7.5373, -3.1737, 1.0000)>
MESH
Container_Small.004
<Matrix 4x4 (-0.0024, -0.3297,  0.0168, 0.0000)
            ( 0.0003,  0.0335,  0.6577, 0.0000)
            (-0.6449,  0.0046,  0.0000, 0.0000)
            (-6.7490,  8.8202, -3.2266, 1.0000)>
MESH
Container_Small.005
<Matrix 4x4 (-0.0024, -0.3297,  0.0168, 0.0000)
            ( 0.0003,  0.0335,  0.6577, 0.0000)
            (-0.6449,  0.0046,  0.0000, 0.0000)
            (-4.9248,  8.8037, -3.2266, 1.0000)>
MESH
Container_Small.007
<Matrix 4x4 (-0.0024, -0.3297,  0.0168, 0.0000)
            ( 0.0003,  0.0335,  0.6577, 0.0000)
            (-0.6449,  0.0046,  0.0000, 0.0000)
            (-3.2438,  8.7885, -3.2266, 1.0000)>
MESH
Alien.001
<Matrix 4x4 ( 0.4436, -0.0035,  0.0000, 0.0000)
            ( 0.0036,  0.4664,  0.0000, 0.0000)
            (-0.0000, -0.0000,  0.6577, 0.0000)
            (-3.1299,  9.3405, -2.8163, 1.0000)>
MESH
Alien
<Matrix 4x4 ( 0.4436, -0.0035,  0.0000, 0.0000)
            ( 0.0036,  0.4664,  0.0000, 0.0000)
            (-0.0000, -0.0000,  0.6577, 0.0000)
            (-3.1299,  9.3405, -2.8163, 1.0000)>
MESH
Alien.003
<Matrix 4x4 ( 0.4436, -0.0035,  0.0000, 0.0000)
            ( 0.0036,  0.4664,  0.0000, 0.0000)
            (-0.0000, -0.0000,  0.6577, 0.0000)
            (-6.7246,  9.3730, -2.8163, 1.0000)>
MESH
Alien.002
<Matrix 4x4 ( 0.4436, -0.0035,  0.0000, 0.0000)
            ( 0.0036,  0.4664,  0.0000, 0.0000)
            (-0.0000, -0.0000,  0.6577, 0.0000)
            (-6.7246,  9.3730, -2.8163, 1.0000)>
MESH
Column
<Matrix 4x4 (-0.0025,  0.8169,  0.0000, 0.0000)
            (-0.7035, -0.0022,  0.0000, 0.0000)
            ( 0.0000,  0.0000,  0.6577, 0.0000)
            (-3.0216, -1.0320, -0.9877, 1.0000)>
MESH
Planet_1
<Matrix 4x4 ( 0.1500,  0.0000,  0.0000, 0.0000)
            ( 0.0000,  0.1500,  0.0000, 0.0000)
            ( 0.0000, -0.0000,  0.1500, 0.0000)
            (-4.4110, -0.3598, -1.0401, 1.0000)>
MESH
Crystal2
<Matrix 4x4 (1.0000,  0.0000,   0.0000, 0.0000)
            (0.0000,  1.0000,   0.0000, 0.0000)
            (0.0000, -0.0000,   1.0000, 0.0000)
            (0.0000, -7.2734, -17.7252, 1.0000)>
MESH
Crystal2.001
<Matrix 4x4 (1.0000,  0.0000,   0.0000, 0.0000)
            (0.0000,  1.0000,   0.0000, 0.0000)
            (0.0000, -0.0000,   1.0000, 0.0000)
            (0.0000, -7.2734, -17.7252, 1.0000)>
MESH
Planet_11
<Matrix 4x4 (0.1000,   0.0000,   0.0000, 0.0000)
            (0.0000,   0.1000,   0.0000, 0.0000)
            (0.0000,  -0.0000,   0.1000, 0.0000)
            (0.0000, -14.6626, -20.9124, 1.0000)>
MESH
Planet_11.001
<Matrix 4x4 ( 0.1000,   0.0000,   0.0000, 0.0000)
            ( 0.0000,   0.1000,   0.0000, 0.0000)
            ( 0.0000,  -0.0000,   0.1000, 0.0000)
            (-1.7192, -14.6626, -20.9124, 1.0000)>
MESH
Planet_11.002
<Matrix 4x4 ( 0.1000,   0.0000,   0.0000, 0.0000)
            ( 0.0000,   0.1000,   0.0000, 0.0000)
            ( 0.0000,  -0.0000,   0.1000, 0.0000)
            (-3.4008, -14.6626, -20.9124, 1.0000)>
MESH
Planet_11.003
<Matrix 4x4 ( 0.1000,   0.0000,   0.0000, 0.0000)
            ( 0.0000,   0.1000,   0.0000, 0.0000)
            ( 0.0000,  -0.0000,   0.1000, 0.0000)
            (-5.3923, -14.6626, -20.9124, 1.0000)>
MESH
Planet_11.004
<Matrix 4x4 ( 0.1000,   0.0000,   0.0000, 0.0000)
            ( 0.0000,   0.1000,   0.0000, 0.0000)
            ( 0.0000,  -0.0000,   0.1000, 0.0000)
            (-7.5457, -14.6626, -20.9124, 1.0000)>
MESH
Planet_11.005
<Matrix 4x4 (  0.1000,   0.0000,   0.0000, 0.0000)
            (  0.0000,   0.1000,   0.0000, 0.0000)
            (  0.0000,  -0.0000,   0.1000, 0.0000)
            (-10.2638, -14.6626, -20.9124, 1.0000)>
MESH
Planet_11.006
<Matrix 4x4 (  0.1000,   0.0000,   0.0000, 0.0000)
            (  0.0000,   0.1000,   0.0000, 0.0000)
            (  0.0000,  -0.0000,   0.1000, 0.0000)
            (-12.6450, -14.6626, -20.9124, 1.0000)>
MESH
Planet_11.007
<Matrix 4x4 (  0.1000,   0.0000,   0.0000, 0.0000)
            (  0.0000,   0.1000,   0.0000, 0.0000)
            (  0.0000,  -0.0000,   0.1000, 0.0000)
            (-14.6815, -14.6626, -20.9124, 1.0000)>
MESH
Planet_11.008
<Matrix 4x4 (  0.1000,   0.0000,   0.0000, 0.0000)
            (  0.0000,   0.1000,   0.0000, 0.0000)
            (  0.0000,  -0.0000,   0.1000, 0.0000)
            (-17.0192, -14.6626, -20.9124, 1.0000)>
MESH
Planet_11.009
<Matrix 4x4 (  0.1000,   0.0000,   0.0000, 0.0000)
            (  0.0000,   0.1000,   0.0000, 0.0000)
            (  0.0000,  -0.0000,   0.1000, 0.0000)
            (-19.2709, -14.6626, -20.9124, 1.0000)>
MESH
Crystal2.002
<Matrix 4x4 ( 1.0000,   0.0000, 0.0000, 0.0000)
            ( 0.0000,   1.0000, 0.0000, 0.0000)
            ( 0.0000,  -0.0000, 1.0000, 0.0000)
            (-7.5110, -18.0529, 0.0000, 1.0000)>
MESH
Crystal2.003
<Matrix 4x4 (  1.0000,   0.0000,   0.0000, 0.0000)
            (  0.0000,   1.0000,   0.0000, 0.0000)
            (  0.0000,  -0.0000,   1.0000, 0.0000)
            (-22.6351, -13.5227, -17.8319, 1.0000)>
MESH
Container_Small.003
<Matrix 4x4 (-0.0024, -0.3297,  0.0168, 0.0000)
            ( 0.0003,  0.0335,  0.6577, 0.0000)
            (-0.6449,  0.0046,  0.0000, 0.0000)
            (23.5692,  8.7885, -3.2266, 1.0000)>
MESH
Container_Small.008
<Matrix 4x4 (-0.0024, -0.3297,  0.0168, 0.0000)
            ( 0.0003,  0.0335,  0.6577, 0.0000)
            (-0.6449,  0.0046,  0.0000, 0.0000)
            (24.2808,  7.4901, -3.1737, 1.0000)>
MESH
Container_Small.009
<Matrix 4x4 (-0.0024, -0.3297,  0.0168, 0.0000)
            ( 0.0003,  0.0335,  0.6577, 0.0000)
            (-0.6449,  0.0046,  0.0000, 0.0000)
            (21.8882, 10.9718, -3.2266, 1.0000)>
MESH
Container_Small.010
<Matrix 4x4 (-0.0024, -0.3297,  0.0168, 0.0000)
            ( 0.0003,  0.0335,  0.6577, 0.0000)
            (-0.6449,  0.0046,  0.0000, 0.0000)
            (20.0640,  8.8202, -3.2266, 1.0000)>
MESH
Container_Small.011
<Matrix 4x4 (-0.0024, -0.3297,  0.0168, 0.0000)
            ( 0.0003,  0.0335,  0.6577, 0.0000)
            (-0.6449,  0.0046,  0.0000, 0.0000)
            (20.9364,  7.5204, -3.1737, 1.0000)>
MESH
Container_Small.012
<Matrix 4x4 (-0.0024, -0.3297,  0.0168, 0.0000)
            ( 0.0003,  0.0335,  0.6577, 0.0000)
            (-0.6449,  0.0046,  0.0000, 0.0000)
            (19.0660,  7.5373, -3.1737, 1.0000)>
MESH
Container_Small.013
<Matrix 4x4 (-0.0024, -0.3297,  0.0168, 0.0000)
            ( 0.0003,  0.0335,  0.6577, 0.0000)
            (-0.6449,  0.0046,  0.0000, 0.0000)
            (22.6911,  7.5045, -3.1737, 1.0000)>
CAMERA
Camera.001
<Matrix 4x4 ( 0.9998,  0.0000,  0.0210, 0.0000)
            (-0.0024,  0.9932,  0.1162, 0.0000)
            (-0.0208, -0.1162,  0.9930, 0.0000)
            (22.1167,  7.5430, -9.9777, 1.0000)>
MESH
Alien.004
<Matrix 4x4 ( 0.4436, -0.0035,  0.0000, 0.0000)
            ( 0.0036,  0.4664,  0.0000, 0.0000)
            (-0.0000, -0.0000,  0.6577, 0.0000)
            (20.0884,  9.3730, -2.8163, 1.0000)>
MESH
Alien.005
<Matrix 4x4 ( 0.4436, -0.0035,  0.0000, 0.0000)
            ( 0.0036,  0.4664,  0.0000, 0.0000)
            (-0.0000, -0.0000,  0.6577, 0.0000)
            (21.9155,  8.3848, -2.8163, 1.0000)>
MESH
Alien.006
<Matrix 4x4 ( 0.4436, -0.0035,  0.0000, 0.0000)
            ( 0.0036,  0.4664,  0.0000, 0.0000)
            (-0.0000, -0.0000,  0.6577, 0.0000)
            (20.0884,  9.3730, -2.8163, 1.0000)>
MESH
Alien.007
<Matrix 4x4 ( 0.4436, -0.0035,  0.0000, 0.0000)
            ( 0.0036,  0.4664,  0.0000, 0.0000)
            (-0.0000, -0.0000,  0.6577, 0.0000)
            (21.9155,  8.3848, -2.8163, 1.0000)>
MESH
Alien.008
<Matrix 4x4 ( 0.4436, -0.0035,  0.0000, 0.0000)
            ( 0.0036,  0.4664,  0.0000, 0.0000)
            (-0.0000, -0.0000,  0.6577, 0.0000)
            (23.5820,  9.5412, -2.8163, 1.0000)>
MESH
Alien.009
<Matrix 4x4 ( 0.4436, -0.0035,  0.0000, 0.0000)
            ( 0.0036,  0.4664,  0.0000, 0.0000)
            (-0.0000, -0.0000,  0.6577, 0.0000)
            (23.5820,  9.5412, -2.8163, 1.0000)>
MESH
Container_Small.014
<Matrix 4x4 (-0.0024, -0.3297,  0.0168, 0.0000)
            ( 0.0003,  0.0335,  0.6577, 0.0000)
            (-0.6449,  0.0046,  0.0000, 0.0000)
            (47.2598,  7.5045, -3.1737, 1.0000)>
MESH
Container_Small.015
<Matrix 4x4 (-0.0024, -0.3297,  0.0168, 0.0000)
            ( 0.0003,  0.0335,  0.6577, 0.0000)
            (-0.6449,  0.0046,  0.0000, 0.0000)
            (43.6347,  7.5373, -3.1737, 1.0000)>
MESH
Container_Small.016
<Matrix 4x4 (-0.0024, -0.3297,  0.0168, 0.0000)
            ( 0.0003,  0.0335,  0.6577, 0.0000)
            (-0.6449,  0.0046,  0.0000, 0.0000)
            (45.5050,  7.5204, -3.1737, 1.0000)>
MESH
Container_Small.017
<Matrix 4x4 (-0.0024, -0.3297,  0.0168, 0.0000)
            ( 0.0003,  0.0335,  0.6577, 0.0000)
            (-0.6449,  0.0046,  0.0000, 0.0000)
            (44.6326,  8.8202, -3.2266, 1.0000)>
MESH
Container_Small.018
<Matrix 4x4 (-0.0024, -0.3297,  0.0168, 0.0000)
            ( 0.0003,  0.0335,  0.6577, 0.0000)
            (-0.6449,  0.0046,  0.0000, 0.0000)
            (46.4790, 10.2301, -3.2266, 1.0000)>
MESH
Container_Small.019
<Matrix 4x4 (-0.0024, -0.3297,  0.0168, 0.0000)
            ( 0.0003,  0.0335,  0.6577, 0.0000)
            (-0.6449,  0.0046,  0.0000, 0.0000)
            (48.8494,  7.4901, -3.1737, 1.0000)>
MESH
Container_Small.020
<Matrix 4x4 (-0.0024, -0.3297,  0.0168, 0.0000)
            ( 0.0003,  0.0335,  0.6577, 0.0000)
            (-0.6449,  0.0046,  0.0000, 0.0000)
            (48.1378,  8.7885, -3.2266, 1.0000)>
CAMERA
Camera.002
<Matrix 4x4 ( 0.9998,  0.0000,  0.0210, 0.0000)
            (-0.0024,  0.9932,  0.1162, 0.0000)
            (-0.0208, -0.1162,  0.9930, 0.0000)
            (46.6854,  7.5430, -9.9777, 1.0000)>
MESH
Alien.010
<Matrix 4x4 ( 0.4436, -0.0035,  0.0000, 0.0000)
            ( 0.0036,  0.4664,  0.0000, 0.0000)
            (-0.0000, -0.0000,  0.6577, 0.0000)
            (48.1506,  9.5412, -2.8163, 1.0000)>
MESH
Alien.011
<Matrix 4x4 ( 0.4436, -0.0035,  0.0000, 0.0000)
            ( 0.0036,  0.4664,  0.0000, 0.0000)
            (-0.0000, -0.0000,  0.6577, 0.0000)
            (48.1506,  9.5412, -2.8163, 1.0000)>
MESH
Alien.012
<Matrix 4x4 ( 0.4436, -0.0035,  0.0000, 0.0000)
            ( 0.0036,  0.4664,  0.0000, 0.0000)
            (-0.0000, -0.0000,  0.6577, 0.0000)
            (46.4841,  8.3848, -2.8163, 1.0000)>
MESH
Alien.013
<Matrix 4x4 ( 0.4436, -0.0035,  0.0000, 0.0000)
            ( 0.0036,  0.4664,  0.0000, 0.0000)
            (-0.0000, -0.0000,  0.6577, 0.0000)
            (44.6571,  9.3730, -2.8163, 1.0000)>
MESH
Alien.014
<Matrix 4x4 ( 0.4436, -0.0035,  0.0000, 0.0000)
            ( 0.0036,  0.4664,  0.0000, 0.0000)
            (-0.0000, -0.0000,  0.6577, 0.0000)
            (46.4841,  8.3848, -2.8163, 1.0000)>
MESH
Alien.015
<Matrix 4x4 ( 0.4436, -0.0035,  0.0000, 0.0000)
            ( 0.0036,  0.4664,  0.0000, 0.0000)
            (-0.0000, -0.0000,  0.6577, 0.0000)
            (44.6571,  9.3730, -2.8163, 1.0000)>
MESH
Container_Small.021
<Matrix 4x4 (-0.0024, -0.3297,  0.0168, 0.0000)
            ( 0.0003,  0.0335,  0.6577, 0.0000)
            (-0.6449,  0.0046,  0.0000, 0.0000)
            (44.5802, 11.1980, -3.1737, 1.0000)>
MESH
Container_Small.022
<Matrix 4x4 (-0.0024, -0.3297,  0.0168, 0.0000)
            ( 0.0003,  0.0335,  0.6577, 0.0000)
            (-0.6449,  0.0046,  0.0000, 0.0000)
            (47.8993, 11.1963, -3.2266, 1.0000)>
MESH
Alien.016
<Matrix 4x4 ( 0.4436, -0.0035,  0.0000, 0.0000)
            ( 0.0036,  0.4664,  0.0000, 0.0000)
            (-0.0000, -0.0000,  0.6577, 0.0000)
            (46.4841, 10.7698, -2.8163, 1.0000)>
MESH
Alien.017
<Matrix 4x4 ( 0.4436, -0.0035,  0.0000, 0.0000)
            ( 0.0036,  0.4664,  0.0000, 0.0000)
            (-0.0000, -0.0000,  0.6577, 0.0000)
            (46.4841, 10.7698, -2.8163, 1.0000)>
