# Game Level Exporter v1.0
MESH
Container_Small.006
<Matrix 4x4 (-0.0024, -0.3297,  0.0168, 0.0000)
            ( 0.0003,  0.0335,  0.6577, 0.0000)
            (-0.6449,  0.0046,  0.0000, 0.0000)
            (-2.5322,  7.4901, -3.1737, 1.0000)>
CAMERA
Camera
<Matrix 4x4 ( 0.9998,  0.0000,  0.0210, 0.0000)
            (-0.0024,  0.9932,  0.1162, 0.0000)
            (-0.0208, -0.1162,  0.9930, 0.0000)
            (-4.6963,  7.5430, -9.9777, 1.0000)>
MESH
Container_Small.001
<Matrix 4x4 (-0.0024, -0.3297,  0.0168, 0.0000)
            ( 0.0003,  0.0335,  0.6577, 0.0000)
            (-0.6449,  0.0046,  0.0000, 0.0000)
            (-4.1219,  7.5045, -3.1737, 1.0000)>
MESH
Container_Small.002
<Matrix 4x4 (-0.0024, -0.3297,  0.0168, 0.0000)
            ( 0.0003,  0.0335,  0.6577, 0.0000)
            (-0.6449,  0.0046,  0.0000, 0.0000)
            (-5.8766,  7.5204, -3.1737, 1.0000)>
MESH
Container_Small
<Matrix 4x4 (-0.0024, -0.3297,  0.0168, 0.0000)
            ( 0.0003,  0.0335,  0.6577, 0.0000)
            (-0.6449,  0.0046,  0.0000, 0.0000)
            (-7.7470,  7.5373, -3.1737, 1.0000)>
MESH
Container_Small.004
<Matrix 4x4 (-0.0024, -0.3297,  0.0168, 0.0000)
            ( 0.0003,  0.0335,  0.6577, 0.0000)
            (-0.6449,  0.0046,  0.0000, 0.0000)
            (-6.7490,  8.8202, -3.2266, 1.0000)>
MESH
Container_Small.005
<Matrix 4x4 (-0.0024, -0.3297,  0.0168, 0.0000)
            ( 0.0003,  0.0335,  0.6577, 0.0000)
            (-0.6449,  0.0046,  0.0000, 0.0000)
            (-4.9248,  8.8037, -3.2266, 1.0000)>
MESH
Container_Small.007
<Matrix 4x4 (-0.0024, -0.3297,  0.0168, 0.0000)
            ( 0.0003,  0.0335,  0.6577, 0.0000)
            (-0.6449,  0.0046,  0.0000, 0.0000)
            (-3.2438,  8.7885, -3.2266, 1.0000)>
MESH
Alien.001
<Matrix 4x4 ( 0.4436, -0.0035,  0.0000, 0.0000)
            ( 0.0036,  0.4664,  0.0000, 0.0000)
            (-0.0000, -0.0000,  0.6577, 0.0000)
            (-3.1299,  9.3405, -2.8163, 1.0000)>
MESH
Alien
<Matrix 4x4 ( 0.4436, -0.0035,  0.0000, 0.0000)
            ( 0.0036,  0.4664,  0.0000, 0.0000)
            (-0.0000, -0.0000,  0.6577, 0.0000)
            (-3.1299,  9.3405, -2.8163, 1.0000)>
MESH
Alien.003
<Matrix 4x4 ( 0.4436, -0.0035,  0.0000, 0.0000)
            ( 0.0036,  0.4664,  0.0000, 0.0000)
            (-0.0000, -0.0000,  0.6577, 0.0000)
            (-6.7246,  9.3730, -2.8163, 1.0000)>
MESH
Alien.002
<Matrix 4x4 ( 0.4436, -0.0035,  0.0000, 0.0000)
            ( 0.0036,  0.4664,  0.0000, 0.0000)
            (-0.0000, -0.0000,  0.6577, 0.0000)
            (-6.7246,  9.3730, -2.8163, 1.0000)>
MESH
Column
<Matrix 4x4 (-0.0025,  0.8169,  0.0000, 0.0000)
            (-0.7035, -0.0022,  0.0000, 0.0000)
            ( 0.0000,  0.0000,  0.6577, 0.0000)
            (-3.0216, -1.0320, -0.9877, 1.0000)>
MESH
Planet_1
<Matrix 4x4 ( 0.1500,  0.0000,  0.0000, 0.0000)
            ( 0.0000,  0.1500,  0.0000, 0.0000)
            ( 0.0000, -0.0000,  0.1500, 0.0000)
            (-4.4110, -0.3598, -1.0401, 1.0000)>
MESH
Crystal2
<Matrix 4x4 ( 1.0000,  0.0000,   0.0000, 0.0000)
            ( 0.0000,  1.0000,   0.0000, 0.0000)
            ( 0.0000, -0.0000,   1.0000, 0.0000)
            (-3.6774, 11.1681, -15.9651, 1.0000)>
MESH
Crystal2.001
<Matrix 4x4 ( 1.0000,  0.0000,   0.0000, 0.0000)
            ( 0.0000,  1.0000,   0.0000, 0.0000)
            ( 0.0000, -0.0000,   1.0000, 0.0000)
            (-4.4716, 11.3734, -15.7956, 1.0000)>
MESH
Planet_11
<Matrix 4x4 (0.1000,  0.0000,   0.0000, 0.0000)
            (0.0000,  0.1000,   0.0000, 0.0000)
            (0.0000, -0.0000,   0.1000, 0.0000)
            (0.0000,  0.0000, -20.9124, 1.0000)>
MESH
Planet_11.001
<Matrix 4x4 ( 0.1000,  0.0000,   0.0000, 0.0000)
            ( 0.0000,  0.1000,   0.0000, 0.0000)
            ( 0.0000, -0.0000,   0.1000, 0.0000)
            (-1.7192,  0.0000, -20.9124, 1.0000)>
MESH
Planet_11.002
<Matrix 4x4 ( 0.1000,  0.0000,   0.0000, 0.0000)
            ( 0.0000,  0.1000,   0.0000, 0.0000)
            ( 0.0000, -0.0000,   0.1000, 0.0000)
            (-3.4008,  0.0000, -20.9124, 1.0000)>
MESH
Planet_11.003
<Matrix 4x4 ( 0.1000,  0.0000,   0.0000, 0.0000)
            ( 0.0000,  0.1000,   0.0000, 0.0000)
            ( 0.0000, -0.0000,   0.1000, 0.0000)
            (-5.3923,  0.0000, -20.9124, 1.0000)>
MESH
Planet_11.004
<Matrix 4x4 ( 0.1000,  0.0000,   0.0000, 0.0000)
            ( 0.0000,  0.1000,   0.0000, 0.0000)
            ( 0.0000, -0.0000,   0.1000, 0.0000)
            (-7.5457,  0.0000, -20.9124, 1.0000)>
MESH
Planet_11.005
<Matrix 4x4 (  0.1000,  0.0000,   0.0000, 0.0000)
            (  0.0000,  0.1000,   0.0000, 0.0000)
            (  0.0000, -0.0000,   0.1000, 0.0000)
            (-10.2638,  0.0000, -20.9124, 1.0000)>
MESH
Planet_11.006
<Matrix 4x4 (  0.1000,  0.0000,   0.0000, 0.0000)
            (  0.0000,  0.1000,   0.0000, 0.0000)
            (  0.0000, -0.0000,   0.1000, 0.0000)
            (-12.6450,  0.0000, -20.9124, 1.0000)>
MESH
Planet_11.007
<Matrix 4x4 (  0.1000,  0.0000,   0.0000, 0.0000)
            (  0.0000,  0.1000,   0.0000, 0.0000)
            (  0.0000, -0.0000,   0.1000, 0.0000)
            (-14.6815,  0.0000, -20.9124, 1.0000)>
MESH
Planet_11.008
<Matrix 4x4 (  0.1000,  0.0000,   0.0000, 0.0000)
            (  0.0000,  0.1000,   0.0000, 0.0000)
            (  0.0000, -0.0000,   0.1000, 0.0000)
            (-17.0192,  0.0000, -20.9124, 1.0000)>
MESH
Planet_11.009
<Matrix 4x4 (  0.1000,  0.0000,   0.0000, 0.0000)
            (  0.0000,  0.1000,   0.0000, 0.0000)
            (  0.0000, -0.0000,   0.1000, 0.0000)
            (-19.2709,  0.0000, -20.9124, 1.0000)>
